Degradability	Length	LysRatio	Acetylation_1	Acetylation_2	Methylation_1	Methylation_2	Methylation.K_1	Phosphorylation_1	Phosphorylation_2	Sumoylation_1	Ubiquitination_1	Ubiquitination_2	DisorderFraction	nInteract	nComplex	MOLT4_RNA	MOLT4_Protein	MOLT4_H3K27ac	Detectability	MLN4924_DMSO.PSI	MLN4924.PSI	SCF_DMSO.PSI	SCF.PSI	CRL3_DMSO.PSI	CRL3.PSI	CRL4_DMSO.PSI	CRL4.PSI	GPSarray	GPSseq	Cterminome	Nterminome	Mathieson2018_Bcells_Halflife	Mathieson2018_NKs_Halflife	Mathieson2018_Hepatocytes_Halflife	Mathieson2018_Monocytes_Halflife	Mathieson2018_mNeurons_Halflife	Boisvert2012_Hela_Whole_Turnover	Boisvert2012_Hela_Cytoplasm_Turnover	Boisvert2012_Hela_Nucleus_Turnover	Boisvert2012_Hela_Nucleolus_Turnover	Selbach2011_NIH3T3_Halflife	Zecha2018_Hela_Halflife
ACVR1B	low	505	0.0455445544554455	0	0	0	0	0	0.0821917808219178	0.0273972602739726	0	0.304347826086957	0.0434782608695652	0	376	0	3.67470180510397	-0.296717912574275	1.024	0.132450331125828	3.60948816144472	3.67115361318514	3.9257286978988	3.84634789698825	4.12177584342739	4.82367127358849	5.34906676256561	5.59765192245131	4.25151486633413	4.63970450962787	2.016	2.2958849140158	111.936168138734	264.439578776776	103.965788880986	102.312612739814	13.2535	18.8283794238886	18.1529200284387	19.2548421031562	16.6467992267176	4.83	16.96115406975
BRSK1	low	778	0.0565552699228792	0.0227272727272727	0.0227272727272727	0.0571428571428571	0.0476190476190476	0	0.162790697674419	0.062015503875969	0.0227272727272727	0.0227272727272727	0	0.355	289	0	2.90283133103112	0.13430957981214	1.058	0.105960264900662	5.09189013121885	5.14636637792698	4.8799579224829	4.87873878092436	4.83819971934745	4.74490546279528	5.72368016259926	5.59906519275114	5.13343198391211	3.40121234002465	4.416	3.96733333333333	111.936168138734	264.439578776776	30.5806666666667	102.312612739814	54.602	18.844250205	18.1529200284387	17.498725175	16.6467992267176	71.1	67.24593899
BRSK2	low	736	0.0706521739130435	0	0	0.0303030303030303	0.0202020202020202	0	0.236842105263158	0.166666666666667	0.0192307692307692	0.0192307692307692	0	0.283	286	0	0.344382395493868	0.785813428375705	0.053	0.132450331125828	4.85987658085971	5.13600623601698	5.11889539339051	5.09580284858842	4.97841072149797	4.96790768625929	5.25028628621303	5.03452385912779	5.0518672454903	4.63970450962787	3.79900193793931	3.32133333333333	111.936168138734	264.439578776776	15.833	102.312612739814	42.408	40.30545044	37.78860092	21.932436945	20.61590004	41.16	25.2006549
CAMK1D	low	385	0.0883116883116883	0.0882352941176471	0	0	0	0	0.180555555555556	0.0416666666666667	0.0294117647058824	0.147058823529412	0.0294117647058824	0.221	226	0	4.25726786896868	0.291338999762578	1.013	0.649006622516556	5.28489757247892	5.35586417627289	5.26834769919339	5.26669629313587	6.07642983132029	5.93095256869249	5.89573359191601	5.83547889309512	5.63135217372715	4.492	3.85166666666667	3.50333333333333	105.363	178.106	64.9231666666667	29.508	35.312	15.8678000454	16.1811099996	13.17325502525	13.861199855	48.358	53.25074545
CAMK2D	low	499	0.0721442885771543	0.0833333333333333	0.0277777777777778	0.0327868852459016	0.0163934426229508	0.0555555555555556	0.356164383561644	0.246575342465753	0	0.222222222222222	0.111111111111111	0.062	327	1	2.58086447487211	0.236371538820983	1	0.907284768211921	6.24177437384341	5.93585360437279	6.33399557138274	6.51428415382514	5.55437913657141	5.26583041315678	4.15900028054483	4.2121038122627	5.5722873405856	3.08033333333333	2.456	3.74933333333333	298.561	232.989	106.0795	69.685	45.3435	20.1498571124286	14.7149632446	14.8618547565714	21.593524695	322.48	62.67153531
CAMKK2	low	588	0.0527210884353742	0	0	0	0	0	0.241379310344828	0.183908045977011	0	0.451612903225806	0.193548387096774	0.039	231	0	5.58222919203263	0.227848319021451	1.985	1	5.05068592685809	5.08472228347867	5.05912903415043	5.08207914115267	4.92463903213154	4.96500241912498	5.11735830300051	5.09878801111699	5.03795307403514	4.51466666666667	4.18266666666667	3.06630190810319	69.9877142857143	84.695	103.965788880986	54.906	34.976	17.27394962	10.392250065	13.05350018	16.6467992267176	25.3233333333333	9.713385378
CASK	low	926	0.0637149028077754	0	0	0.0275229357798165	0	0.0508474576271186	0.220588235294118	0.102941176470588	0	0.23728813559322	0.0677966101694915	0.136	503	5	1.94190331131484	-0.0861732795127695	1.944	0.933774834437086	6.29841297599162	6.06265225393775	5.24196638561638	5.33091327330928	4.89742986149527	4.96745383905855	4.82818499320866	4.59407517913879	5.31649855407798	4.34464687461842	1.99311260601607	3.94333333333333	185.531	264.439578776776	98.5865	212.419142857143	47.7785	8.461000443	12.16565037	20.04410076	16.6467992267176	132.28	96.80826544
CDK19	low	502	0.0717131474103586	0	0	0	0	0	0.038961038961039	0.012987012987013	0	0.0833333333333333	0.0277777777777778	0.287	221	1	3.43067147514813	1.47814080309242	1.983	0.76158940397351	5.56028545916835	5.68333214210263	5.66861967189756	5.59109731373048	5.51410994758689	5.45547265889716	5.42873981836525	5.39371789717588	5.54293872425451	4.2229719213571	4.01943337654917	4.03333333333333	93.572	264.439578776776	103.965788880986	122.893	35.3545	24.4707498525	27.7413253775	26.247575285	16.6467992267176	63.175	143.058145786667
CDK8	low	464	0.084051724137931	0.0256410256410256	0.0256410256410256	0	0	0	0.0985915492957746	0.0422535211267606	0	0.153846153846154	0.0256410256410256	0.119	287	26	4.61290285640026	0.226295051620125	1.112	1	6.60742962264812	7.21345267480654	6.20990592418459	6.08712999606867	4.85460823682067	4.95648544182388	5.29461378503748	4.46339730098523	5.74163939217272	4.46433333333333	4.11066666666667	4.478	111.936168138734	264.439578776776	22.654	102.312612739814	55.35473944767	18.8283794238886	18.1529200284387	19.2548421031562	16.6467992267176	14.5433333333333	3.546697627
CHEK2	low	543	0.0718232044198895	0.0256410256410256	0	0.0153846153846154	0	0.0256410256410256	0.407766990291262	0.242718446601942	0	0.282051282051282	0.0769230769230769	0.096	750	1	4.59558723536691	0.897081962420227	2.072	1	5.44423830010169	5.56756201602189	5.75951315606967	5.8750253074932	5.11103927227291	4.7861262365259	4.19105591942008	4.26089722288264	5.12646166196609	4.16799630448695	4.16535106673439	4.011	165.456	264.439578776776	373.293166666667	189.42725	91.423625	19.0238335933333	21.73742485	22.161425115	16.37319946	91.66	353.6465207
CLK2	low	499	0.0480961923847695	0	0	0	0	0	0.316831683168317	0.168316831683168	0	0	0	0.301	197	0	5.73697705094391	0.216061211636903	2.513	1	5.31003419948339	5.14692100191841	5.66992960975728	5.83894827261461	5.96495341791759	5.98462661734814	5.11402269567132	4.66561676197512	5.5147349807074	3.517	3.42767091229966	4.455	111.936168138734	264.439578776776	103.965788880986	102.312612739814	55.35473944767	18.8283794238886	18.1529200284387	19.2548421031562	16.6467992267176	82.9309789096696	66.6062795486124
CLK3	low	638	0.0454545454545455	0	0	0	0	0	0.240384615384615	0.182692307692308	0.0344827586206897	0.379310344827586	0.206896551724138	0.207	174	0	5.50583599432086	0.829190582424185	1.281	1	4.97843156982903	5.17056355732941	5.27114655852922	5.10723311496218	4.81253450036903	4.38074168821838	4.49630198132886	4.57558092492147	4.88960365251404	3.13357146361878	3.62123593366576	3.41508622702548	111.936168138734	264.439578776776	103.965788880986	27.31	15.9	12.02368975	18.1529200284387	12.97921038	16.6467992267176	15.08	17.0828578
CLK4	low	481	0.0665280665280665	0	0	0	0	0	0.275	0.0875	0.03125	0.15625	0	0.012	147	0	4.25891771531019	-0.74684215627077	1.027	0.841059602649007	5.26674585519165	5.65340599227946	4.8443507523856	4.83235504184909	4.78890449657199	4.98688058888476	5.33346854067727	5.0396778822693	5.05836741120663	3.60174224509092	4.16535106673439	3.4519244717008	111.936168138734	264.439578776776	103.965788880986	102.312612739814	55.35473944767	9.292750359	18.1529200284387	9.292750359	16.6467992267176	5.74	66.6062795486124
DCLK1	low	740	0.0702702702702703	0	0	0	0	0	0.214285714285714	0.155844155844156	0	0.0192307692307692	0.0192307692307692	0.007	248	0	0.137666157620435	-1.7783187170357	0	0.145695364238411	5.15889169576857	5.01099221423249	5.14073992733115	5.14588229919048	5.21753453753193	5.27249566805251	5.40554577548559	5.56279609673311	5.23067798402931	3.38498155244973	2.89066666666667	4.33266666666667	111.936168138734	264.439578776776	103.965788880986	102.312612739814	49.9365	15.46002436	18.1529200284387	24.91814995	1.51333499	27.81	126.9500331
DCLK2	low	766	0.0704960835509138	0	0	0	0	0	0.183673469387755	0.0748299319727891	0	0.0185185185185185	0	0	154	0	0.563244751170749	0.102524983226239	0	0.145695364238411	5.88747428000539	6.10592140976982	6.07153078989985	6.31414284614582	5.58653070241876	5.47636363017995	5.71358182939357	5.5089525550041	5.81477940042939	4.1829349027	3.23972322536848	4.88417946494249	111.936168138734	264.439578776776	21.819	102.312612739814	38.141	6.05189991	26.16060066	5.552460194	16.6467992267176	29.148	52.07789382
DSTYK	low	929	0.0516684607104413	0.0208333333333333	0	0.018348623853211	0.0091743119266055	0.0416666666666667	0.0555555555555556	0.0158730158730159	0	0.229166666666667	0.0208333333333333	0.023	111	0	2.44232319997759	-0.880781118412035	1	0.754966887417219	5.65845704361028	5.62768815833563	5.4289508570612	5.44239950112925	5.64921236668641	5.53626249916742	5.45010486452179	5.43230761248903	5.54668128296992	3.89389916770732	4.60584441834885	4.25366666666667	111.936168138734	264.439578776776	103.965788880986	102.312612739814	55.35473944767	18.8283794238886	18.1529200284387	19.2548421031562	16.6467992267176	82.9309789096696	66.6062795486124
EGFR	low	1210	0.0545454545454545	0.121212121212121	0.0454545454545455	0.0317460317460318	0.0158730158730159	0.0303030303030303	0.402173913043478	0.293478260869565	0.0151515151515152	0.5	0.242424242424242	0.512	1206	12	0.137666157620435	-1.68336682714795	0	0.172185430463576	5.06734031328079	4.94422901104648	4.88619438872611	4.8689332443181	4.83050412526757	4.78198952723026	5.00449531348765	4.93172409512327	4.94713353519053	2.61399553540219	3.16566666666667	2.481	36.524	264.439578776776	34.9935	102.312612739814	53.5735	14.16050005	16.19100046	12.15495014	16.6467992267176	12.71	33.71338427
EIF2AK4	low	1649	0.0648878107944209	0.0186915887850467	0.00934579439252336	0.01	0	0.00934579439252336	0.0866141732283465	0.0433070866141732	0	0.0747663551401869	0.0373831775700935	0.038	133	0	4.49912580503075	0.950555709260805	1.953	1	5.29194990995688	5.04264304202938	4.98085199207897	5.02434014711338	4.62489978318257	4.78683053977707	5.39481716341054	5.01326472887657	5.07312971215724	3.41673570309495	2.86783345235993	4.17733333333333	111.936168138734	264.439578776776	29.759	102.312612739814	72.397	22.05150032	18.1529200284387	19.2548421031562	16.6467992267176	58.92	71.75436652
EPHA2	low	976	0.0491803278688525	0	0	0	0	0	0.290909090909091	0.193939393939394	0.0208333333333333	0.416666666666667	0.229166666666667	0.02	393	1	0.145960640512457	-1.4564344325912	0.036	0.178807947019868	4.265494766455	4.29039264426919	4.2317914783736	4.23038907517792	4.49087789753236	4.57854287348199	4.43909789067076	4.8215030491073	4.35681550825793	1.56671149017231	2.93833333333333	2.39733333333333	64.18075	75.10225	42.0375	65.0746666666667	19.0805	18.8283794238886	18.1529200284387	19.2548421031562	16.6467992267176	9.35	16.13166678
EPHA7	low	998	0.0501002004008016	0	0	0	0	0	0.134502923976608	0.0350877192982456	0	0.14	0.04	0.043	346	0	0.143381006009829	-0.0499566805493323	0	0.105960264900662	4.63926208460634	4.63837970086064	4.77274529962503	4.74355190785172	4.15064888681727	4.05073382569646	3.98825404739556	3.88941201879493	4.38772757961105	2.45466666666667	2.63930768476744	2.017	112.7745	264.439578776776	407.600928571429	271.7595	15.5665	26.80679989	18.1529200284387	21.17599964	16.6467992267176	130.43	845.3014397
EPHB3	low	998	0.0370741482965932	0	0	0	0	0	0.165714285714286	0.08	0	0	0	0.023	320	0	0.141801678163179	0.000344664215699717	0.002	0.145695364238411	4.92874088564427	4.90964663097579	4.77902922508115	4.83323672315461	4.64407858913181	4.692070278523	4.87589751016897	4.66902950696471	4.80693655250655	2.15633333333333	2.307	3.07549258427113	111.936168138734	264.439578776776	103.965788880986	23.719	36.776	18.8283794238886	18.1529200284387	19.2548421031562	16.6467992267176	82.9309789096696	32.30606179
ERN1	low	977	0.0573183213920164	0.0178571428571429	0	0	0	0	0.0955056179775281	0.0168539325842697	0	0.142857142857143	0.0178571428571429	0.124	276	0	2.29278050210982	-1.38674412496633	1.336	0.47682119205298	4.6722101231725	4.80794393554718	5.029637198802	5.01831599980531	4.91555636351377	5.14738769508843	5.37012240687826	4.70568100389437	4.99688152309163	3.64500330475943	3.15710398679009	2.644	111.936168138734	264.439578776776	103.965788880986	102.312612739814	55.35473944767	18.8283794238886	18.1529200284387	19.2548421031562	16.6467992267176	82.9309789096696	66.6062795486124
FGFR1	low	822	0.0596107055961071	0.0408163265306122	0	0	0	0	0.213793103448276	0.16551724137931	0	0.122448979591837	0.0408163265306122	0.231	280	5	4.65890230560178	0.490640336296513	0	0.211920529801325	3.96825127229863	3.94301468673574	4.08335853811533	4.16307371766926	4.58079322624266	4.74733396354873	4.73838046224372	4.92147325010359	4.34269587472508	3.59281833125943	3.87286546568779	2.98966666666667	111.936168138734	264.439578776776	103.965788880986	102.312612739814	32.046	18.8283794238886	0	0	0	82.9309789096696	26.60858998
HIPK2	low	1198	0.0392320534223706	0	0	0.010752688172043	0	0	0.11340206185567	0.0274914089347079	0.0638297872340425	0.297872340425532	0.127659574468085	0.032	272	5	4.20768132935352	0	1.02	0.185430463576159	4.88951112697894	4.88668818350384	4.8926394638718	4.89263974649764	4.8730991552436	4.8780772001807	4.86108958368777	4.83564098102404	4.87908483244553	2.1686711211914	3.74	3.196	27.117	264.439578776776	103.965788880986	102.312612739814	55.35473944767	18.8283794238886	18.1529200284387	19.2548421031562	16.6467992267176	82.9309789096696	4.938753181
IGF1R	low	1367	0.0504754937820044	0.0144927536231884	0	0.0201342281879195	0	0.0144927536231884	0.117903930131004	0.0698689956331878	0.0434782608695652	0.0579710144927536	0.0289855072463768	0.165	631	2	4.05401316142439	0.56000097887703	0.992	0.33112582781457	4.45337941988993	4.48275769917421	4.81025387210209	4.86388568621342	4.62473318268083	5.03158156369868	4.79312893954595	4.21135082329075	4.6703738535547	2.27924642209571	3.419	3.0510072360073	111.936168138734	264.439578776776	103.965788880986	102.312612739814	37.15	16.08340025	16.70710039	8.621100426	16.6467992267176	32.3	35.80305685
IKBKB	low	756	0.0568783068783069	0.0232558139534884	0	0	0	0	0.518867924528302	0.169811320754717	0	0.395348837209302	0.116279069767442	0.101	507	15	4.97371567714024	0.836080910781746	1.926	1	5.2013312342157	5.16276547307056	5.03808566755097	4.97847355311605	5.11007662395114	5.10681743215475	4.94065014718957	4.85149983463046	5.07253591822685	3.517	3.94409946120468	4.50766666666667	87.1905	181.858	1657.91533333333	90.1505	40.779	19.2873497	19.25975037	19.48860073	16.566275595	1648.7	133.2157779
IKBKE	low	716	0.0488826815642458	0	0	0	0	0	0.123809523809524	0.0476190476190476	0.0285714285714286	0.4	0.114285714285714	0	278	2	3.19499061097789	-0.0634984504795338	0.983	0.768211920529801	4.89715207566453	5.21566636295294	5.11746929099474	5.09633128450476	5.14467177055112	5.39119644838644	5.62829732971913	5.03512290469213	5.19689761673238	3.47025230405688	4.15435219364926	4.13033333333333	111.936168138734	264.439578776776	103.965788880986	102.312612739814	55.35473944767	9.292750359	18.1529200284387	9.292750359	16.6467992267176	82.9309789096696	66.6062795486124
INSR	low	1382	0.0484804630969609	0.0149253731343284	0	0.00671140939597315	0.00671140939597315	0.0149253731343284	0.2	0.111111111111111	0	0.104477611940299	0.0746268656716418	0.088	520	2	2.59217236984307	0.308007275269482	2.207	0.860927152317881	4.54552927225132	4.53692733636647	4.65800401574424	4.65942357773405	5.07422370846675	5.29725785048326	4.77618766136058	4.38675112562916	4.76348616445572	3.3447616988268	4.16535106673439	2.458	47.6835	264.439578776776	27.1475	39.7723125	27.165	16.83500004	5.028399944	17.49564934	3.223190069	32.042	25.0096044114286
JAK1	low	1154	0.0901213171577123	0.0288461538461538	0	0	0	0	0.162790697674419	0.0465116279069767	0	0.394230769230769	0.0961538461538462	0.062	465	1	4.53465932948036	0.642658693877677	2.044	0.993377483443709	4.7797233398633	4.79492317179302	4.90651771244974	4.87147287201339	4.59763698149218	4.78398747166537	4.37038795634701	4.31535022445374	4.66356649753806	4.1829349027	3.156	3.76195833333333	12.524	17.359	11.255	16.153	14.9415	18.8283794238886	18.1529200284387	8.086050034	2.036814928	84.57	12.08204951
JAK2	low	1132	0.0697879858657244	0.0126582278481013	0	0	0	0	0.142857142857143	0.08	0.0759493670886076	0.151898734177215	0.0126582278481013	0.032	620	2	2.92328423750935	0.527589515899801	0.999	0.662251655629139	5.33676769725913	5.35192757500716	5.05231266674222	5.18316878694919	5.57032699535145	5.46920539298296	5.20055463223701	5.18662895394193	5.28999049789745	3.85918692693177	2.81656437781479	2.42433333333333	20.594	68.6475	40.192875	57.035	29.151	16.308766683	11.9542341815	13.829342937	13.080937385	31.4866666666667	34.138507251
JAK3	low	1124	0.0373665480427046	0.0238095238095238	0	0	0	0	0.152866242038217	0.0445859872611465	0	0.476190476190476	0.238095238095238	0.025	404	0	4.04150953013285	0.0611493757794411	1.492	0.80794701986755	4.62723647178577	4.72437232548292	4.82863053276747	4.9173225734778	5.17611224673971	5.24866553658367	4.77355730091824	4.65206390829453	4.8513841380528	3.25750994067021	3.80733333333333	3.617	10.4475	264.439578776776	103.965788880986	102.312612739814	55.35473944767	18.8283794238886	18.1529200284387	19.2548421031562	16.6467992267176	82.9309789096696	66.6062795486124
MAP2K1	low	393	0.0712468193384224	0.0714285714285714	0	0	0	0	0.333333333333333	0.274509803921569	0.0357142857142857	0.464285714285714	0.392857142857143	0.165	735	7	5.25351764387161	0.704533850488788	2.862	1	4.23318826514305	4.1776309586495	4.59645026511255	4.6481879231277	5.3685033614369	5.52536239691259	5.10122187971634	4.0308997266216	4.82484094285221	4.77403080728911	2.76533333333333	4.67433333333333	110.271	264.439578776776	386.4139	98.986	45.879	10.43830013	21.29505062	15.04990959	4.901350021	231.66	127.7626083
MAP2K2	low	400	0.06	0	0	0	0	0	0.382978723404255	0.276595744680851	0.0416666666666667	0.666666666666667	0.583333333333333	0.105	652	2	6.90896258140232	1.38174587127814	1.446	1	5.28211899906125	5.88873294016468	5.3003217421577	5.61580546009206	5.52750594151504	5.64789672666607	5.44678211318048	5.29852643147984	5.38918219897862	4.79845687386248	1.69621508638544	4.0069212237669	124.382	286.832	454.33	86.0415	58.8425	20.45670033	20.51174927	17.11175013	14.51220036	87.38	82.81328322
MAP3K2	low	619	0.0597738287560582	0	0	0.025	0	0.0540540540540541	0.294117647058824	0.201680672268908	0	0.27027027027027	0.0810810810810811	0.023	577	0	4.39746079360198	0.412710911412904	1.37	0.980132450331126	5.14380790817873	5.05879791691747	5.17720359820369	5.13512005110946	5.03604635959136	5.04641140230587	5.07658608207927	5.00222894871687	5.10841098701326	3.10120821823369	2.27237339809768	3.54733333333333	34.057	49.269	61.77225	22.702	16.945	17.145025015	18.1529200284387	18.534274815	10.22270012	87.9225	17.02050378
MAP3K3	low	626	0.0447284345047923	0	0	0	0	0	0.30327868852459	0.19672131147541	0	0.321428571428571	0	0.027	595	3	3.98697889714105	-1.00912080530612	2.176	0.834437086092715	3.52221569212241	3.54748753424972	3.44488825055079	3.43108992997087	4.52066154845372	4.77654710475098	4.71977137076118	5.71928820491073	4.05188421547202	3.81734261852531	2.456	4.09266666666667	11.392	25.225	60.8885	56.444	17.901	14.36444998	19.11350489	18.0703837066667	18.849549768	69.93125	35.1529135616667
MAP3K4	low	1608	0.0640547263681592	0.0194174757281553	0	0	0	0	0.176229508196721	0.0860655737704918	0	0.00970873786407767	0	0.175	160	1	4.20915492050785	0.908245282322896	0.98	0.900662251655629	5.41382888519381	5.48241240963404	5.30464250110228	5.32835166291946	5.38720239580451	5.19394680095069	5.43599626812849	5.37923087163217	5.38541751255727	3.37970250265322	2.33636430733782	2.96268873090982	68.915	133.411	75.5748333333333	90.061	55.549	18.4602951595	20.7592166233333	20.73285799	8.745150087	47.75	113.26475205125
MAPK1	low	360	0.0638888888888889	0	0	0.0238095238095238	0	0	0.428571428571428	0.244897959183673	0	0.652173913043478	0.260869565217391	0.019	1569	10	6.38229617813308	0.963378944279947	0.986	1	5.48590756443092	5.4813036818723	5.85100401855941	5.89068028795307	5.74641079485717	5.75135206954572	5.89137688241633	6.07971289992128	5.74367481506596	4.44066666666667	3.87286546568779	4.45066666666667	93.5015	133.4295	115.778	80.3325	34.445	18.2269001	18.14054966	21.08409977	14.05580044	53.2	66.39727654
MARK1	low	795	0.0716981132075472	0	0	0.0168067226890756	0.00840336134453781	0	0.333333333333333	0.207547169811321	0	0.12280701754386	0.0350877192982456	0.033	43	0	0.138127647036924	0.137222720389358	0	0.158940397350993	4.88464378418989	4.8636109644203	4.80454907825059	4.86896765005067	4.34844600947446	4.63067468505122	6.16421285905238	5.73358678051656	5.05046293274183	3.67933333333333	2.76533333333333	4.88417946494249	111.936168138734	264.439578776776	29.024	102.312612739814	55.496	18.8283794238886	18.1529200284387	19.2548421031562	16.6467992267176	71.1	52.43170806
MASTL	low	879	0.0716723549488055	0.0158730158730159	0	0.010752688172043	0	0.0158730158730159	0.365853658536585	0.201219512195122	0.0158730158730159	0.412698412698413	0.126984126984127	0.092	71	0	4.8501391161605	0.436058406111804	1.945	1	5.04516790106701	4.97447587177645	5.04242647360247	5.05168513838148	5.00482277274554	4.90729476032778	4.94228592126759	4.86142786053933	5.00867576717065	3.81376629495469	3.49057528967237	4.85337669701347	111.936168138734	264.439578776776	103.965788880986	102.312612739814	55.35473944767	6.446499825	18.1529200284387	14.83300018	11.58240032	9.89	11.46455806
MELK	low	651	0.0906298003072197	0	0	0.0326086956521739	0	0.0338983050847458	0.440366972477064	0.293577981651376	0.0677966101694915	0.525423728813559	0.338983050847458	0.018	326	0	5.86416120767906	0.704546288222369	1.01	0.986754966887417	4.88951112697894	4.88668818350384	4.8926394638718	4.89263974649764	4.8730991552436	4.8780772001807	4.86108958368777	4.83564098102404	4.87908483244553	3.37138549339456	2.22014602937311	2.629262995679	111.936168138734	264.439578776776	103.965788880986	102.312612739814	55.35473944767	18.8283794238886	18.1529200284387	19.2548421031562	16.6467992267176	41.75	5.936512338
MINK1	low	1332	0.0570570570570571	0.0131578947368421	0	0.0111111111111111	0.00555555555555556	0.0131578947368421	0.33160621761658	0.22279792746114	0	0.210526315789474	0.0789473684210526	0.454	105	0	4.08627566797976	-0.140127577404694	2.096	0.960264900662252	4.8341119116983	4.92559373838444	4.94559457283081	5.0247891039881	5.53151895777696	5.49920825895972	5.16635733673953	5.22199116033302	5.1193956947614	4.93004277935818	2.22014602937311	3.34333333333333	31.699	74.4237857142857	103.965788880986	32.437	27.2935	17.20384979	9.495065212	18.05340004	26.31209946	21.32	42.87005714
MKNK1	low	465	0.0666666666666667	0	0	0.0344827586206897	0.0172413793103448	0	0.202898550724638	0.130434782608696	0	0.0967741935483871	0.032258064516129	0.161	28	1	3.55897815964731	0.136941787591955	1.433	0.993377483443709	4.88951112697894	4.88668818350384	4.8926394638718	4.89263974649764	4.8730991552436	4.8780772001807	4.86108958368777	4.83564098102404	4.87908483244553	4.35333333333333	3.98478224217537	4.716	111.936168138734	264.439578776776	103.965788880986	25.375	55.35473944767	18.8283794238886	18.1529200284387	19.2548421031562	16.6467992267176	10.46	10.1843547
NDRG1	low	394	0.032994923857868	0	0	0	0	0	0.402777777777778	0.402777777777778	0.0769230769230769	0.384615384615385	0.230769230769231	0.178	77	0	3.43578418446002	0.116979599351465	0.99	0.993377483443709	6.32208506817252	6.02172335803175	6.03310381694873	5.88872669746297	6.74642854881938	6.76577592190824	6.37892109151782	6.38965101716558	6.37013463136461	4.42805263276589	3.28111256805652	4.4005	69.516	89.509	64.3945	65.8705	55.616	14.01044989	13.94395018	19.2548421031562	16.6467992267176	102.28	71.72071051
NEK8	low	692	0.0361271676300578	0	0	0	0	0	0.0495049504950495	0.0099009900990099	0	0.12	0	0.036	21	2	1.87991222093414	0.827831559892444	2.501	0.105960264900662	5.65993091033479	5.49916626560406	5.49890941677601	5.50717720847864	4.95289456802372	5.37482801084391	5.19721335552073	5.15597231840173	5.32723706266381	3.593	3.78866666666667	2.42046334968885	111.936168138734	264.439578776776	103.965788880986	102.312612739814	55.35473944767	18.8283794238886	18.1529200284387	19.2548421031562	16.6467992267176	82.9309789096696	66.6062795486124
PAK1	low	545	0.0862385321100917	0.106382978723404	0.0212765957446809	0	0	0	0.527472527472527	0.406593406593407	0.0212765957446809	0.191489361702128	0.0425531914893617	0.185	515	4	5.1045224816316	0.710177536276695	2.204	1	6.86155490063694	6.60742962264812	6.28807384874969	6.29374414032328	5.6074700077575	5.74440915737545	4.89264356345343	4.8926436070852	5.91243558014939	3.89746482061521	3.74933333333333	3.72293276989583	97.491	264.439578776776	345.4584	81.5135	50.1685	33.9715004	20.03639984	19.2548421031562	16.6467992267176	61.7	30.21443447
PDGFRB	low	1106	0.0343580470162749	0	0	0	0	0	0.147208121827411	0.101522842639594	0	0.0526315789473684	0	0.007	261	1	0.296960661730397	-1.2618431483441	0	0.112582781456954	4.30954273917232	4.08872164279555	4.48242547600621	4.55101721549463	4.69090611138321	4.7745063589365	4.12258446759298	4.24000700338802	4.40136469853868	3.41194687109828	4.52066666666667	2.42962327912911	111.936168138734	264.439578776776	31.0295	102.312612739814	86.794	7.90949768	22.86285019	19.2548421031562	1.801779985	47.55	39.9783373183333
PHKG2	low	406	0.0369458128078818	0	0	0	0	0	0.117647058823529	0.0784313725490196	0	0.266666666666667	0	0.01	60	0	4.36890244510965	0.0980600188462745	2.456	1	5.74033437707846	5.75807652765138	5.55079679776598	5.55158124677046	5.66822992475186	5.521066860885	5.2605465651971	5.48852015328847	5.55497691619835	3.84466666666667	4.202	3.5780144339229	75.4955	264.439578776776	271.98765	119.2465	70.196	18.53549957	18.53549957	19.2548421031562	16.6467992267176	185.55	160.0276967
PIK3C3	low	887	0.0811724915445321	0.0416666666666667	0.0416666666666667	0.0265486725663717	0.00884955752212389	0.0416666666666667	0.202797202797203	0.0559440559440559	0.0277777777777778	0.291666666666667	0.0972222222222222	0.06	681	3	3.6731850376177	-1.02466033062258e-16	1.96	1	5.21358337027783	5.13025685488278	5.38664362104719	5.376006575715	5.29347772530745	5.32417961956276	4.90100369098399	5.03484448865053	5.19867710190411	4.93004277935818	3.93533333333333	2.19833333333333	102.852	131.6105	78.055	65.7035	39.459	8.5002349635	0	0	0	5.73	81.93229085
PKN1	low	942	0.0435244161358811	0.024390243902439	0	0.0256410256410256	0.00854700854700855	0	0.313432835820896	0.208955223880597	0	0.292682926829268	0.0975609756097561	0.063	399	1	6.5623685763967	0.512698040273646	2.494	1	4.27590400993088	4.14646067328399	4.87605161650787	4.81707198096249	4.71937998297879	4.95398119068697	3.93194377734129	4.22937976132439	4.45081984668971	4.385	3.93533333333333	3.8655016935457	62.153	134.4855	66.786	79.2035	40.6145	16.55290031	14.14050007	18.5114786971429	6.659699917	44.9371428571429	50.09753736
PKN2	low	984	0.0670731707317073	0.0454545454545455	0	0.0150375939849624	0	0.0151515151515152	0.380952380952381	0.224489795918367	0	0.318181818181818	0.0757575757575758	0.005	361	0	4.64549978351006	-0.440373435980755	1.913	0.834437086092715	5.91136858106716	5.89329204030599	4.9654488927269	4.95107959102461	5.12094532163757	5.25049461838107	5.24357578828673	5.01859965249461	5.31033464592959	3.19883333333333	4.057	4.31533333333333	44.711	46.933	103.965788880986	44.331	48.944	16.50420046	16.85794973	12.99560022	12.35628462	33.08	52.16276543
PRKCE	low	737	0.0746268656716418	0.0363636363636364	0	0	0	0	0.273809523809524	0.178571428571429	0.0181818181818182	0.0545454545454545	0.0181818181818182	0.038	448	0	3.05800346288961	0.598525804025163	1.637	0.966887417218543	5.2079267082614	5.28296892671168	5.66646132919904	5.79119752561323	4.84608335625405	4.92356179133468	5.65043175021046	5.09480222741689	5.34272578598124	4.09466666666667	3.47966666666667	1.78533333333333	111.936168138734	264.439578776776	21.303	102.312612739814	40.1015	0	18.1529200284387	19.2548421031562	16.6467992267176	16.35	46.3194408175
PRKCQ	low	706	0.0821529745042493	0.0344827586206896	0.0172413793103448	0	0	0	0.233766233766234	0.168831168831169	0	0.603448275862069	0.258620689655172	0.018	389	0	5.22115375995639	1.47077824949717	0.73	0.860927152317881	6.35457070043143	6.36635402184034	5.6349218215469	5.83977552565774	5.36911195245162	5.45878177122856	4.36588752462306	4.2814551821668	5.43112299976325	3.48203146787207	1.934	3.45066666666667	69.809	95.646	103.965788880986	102.312612739814	55.35473944767	14.735833486	5.613299847	16.503849745	18.94264984	75.45	47.59022964625
PRKD2	low	878	0.0455580865603645	0.075	0	0	0	0	0.321678321678322	0.251748251748252	0	0.35	0.125	0.132	33	0	4.95793951718279	1.40947330439958	0.14	1	4.75971338797593	4.68619462657252	4.6510002172117	4.63750798269254	4.84490832041208	4.84873496147701	4.76165391996228	5.09646920940681	4.7543189613905	4.44066666666667	3.95838544428108	3.36933333333333	97.427	166.8215	52.768	116.479428571429	53.7336666666667	20.17504978	22.27896659	20.0007998925	18.71592522	40.915	42.32576523
PRKD3	low	890	0.0550561797752809	0	0	0	0	0	0.218543046357616	0.172185430463576	0	0.122448979591837	0.0204081632653061	0.045	19	0	4.09672446280127	-0.367761545466813	1.001	0.940397350993378	4.64938608148773	4.60273052038697	4.73790142672951	4.81519710850046	4.88732345363431	5.14554902955089	4.78397108908895	4.87049027136514	4.76464551273513	4.2089968302161	4.16535106673439	4.636	111.936168138734	264.439578776776	103.965788880986	102.312612739814	55.35473944767	21.0448018061	22.187330248	22.6607344125	25.224976699	82.9309789096696	39.11665805
PRKDC	low	4128	0.0668604651162791	0.141304347826087	0.0833333333333333	0.0346232179226069	0.00407331975560082	0.0217391304347826	0.224522292993631	0.0987261146496815	0.0072463768115942	0.717391304347826	0.619565217391304	0.096	897	15	7.21220355199807	2.92727987976937	1.952	1	5.44353527566549	5.42500359668358	5.68081025313121	5.65935694968579	5.64178152278229	5.71435686438559	5.67711942390545	5.68278293900366	5.61081161887111	4.28930298960629	3.09366666666667	4.14466666666667	174.21	904.686	85.185	215.1005	90.0037777777778	25.62929916	21.68859959	25.43055058	25.82975006	70.1	94.41424498
PRPF4B	low	1007	0.127110228401192	0.1171875	0.015625	0.00398406374501992	0	0.0078125	0.538461538461538	0.443786982248521	0.015625	0.0859375	0	0.667	140	2	5.87712412170256	-1.02466033062258e-16	1.787	1	5.37819029674664	5.44544403293562	5.49594639654873	5.53910225137346	5.80716582887527	5.84568102829669	5.42993132723215	5.5739814577049	5.5278084623507	4.08380632702687	3.19566666666667	4.38966666666667	109.8395	294.2435	51.2085	64.985	47.7725	24.40980053	28.97499943	24.40330029	9.880000114	135.01	33.69699468
RIOK1	low	568	0.100352112676056	0	0	0.0315789473684211	0.0105263157894737	0.0350877192982456	0.222222222222222	0.123456790123457	0	0.192982456140351	0.0350877192982456	0.533	71	0	5.79076234596167	-0.0987123554925429	1.095	1	4.85906361274855	4.66371071075426	5.50409790765401	5.51538183240223	5.77872108097624	6.01193813812647	5.00928159146295	4.49387472382122	5.28779104821044	3.48125645717696	4.31566666666667	4.617	25.758	72.970875	56.79	52.312	23.6635	8.689700127	18.96569967	8.581899643	16.6467992267176	16.76	20.18626457
RIOK3	low	519	0.0867052023121387	0	0	0	0	0	0.191176470588235	0.176470588235294	0	0.511111111111111	0.311111111111111	0.075	15	0	4.49857076874904	0.149907487155938	1.031	0.966887417218543	5.5594324916697	5.49105068917498	5.65656884546899	5.8260605990061	5.14408795146727	5.24663823864758	4.80631237587125	4.20439279518474	5.2916004161193	4.10333333333333	4.03357092891398	3.87266666666667	111.936168138734	264.439578776776	19.515	102.312612739814	23.239	15.24412465	18.1529200284387	14.88929963	23.33200073	82.9309789096696	5.691032882
ROCK1	low	1354	0.100443131462334	0.0220588235294118	0.00735294117647059	0	0	0	0.265193370165746	0.143646408839779	0	0.132352941176471	0.00735294117647059	0.025	483	1	5.21512933240599	1.43654980861211	0.955	0.966887417218543	4.62962480424591	4.81466100661103	4.86172488499501	4.82785797615272	4.84247352381755	4.84407125969871	4.8296258612598	4.6187791927106	4.79086226857957	3.78161506354361	4.03365295124763	4.657	80.4825	179.0025	61.1005	91.251	114.314	20.51115030125	18.56999969	22.3655625575	17.518098891	47.32	97.44367078
ROCK2	low	1388	0.103746397694524	0.0208333333333333	0	0.00454545454545455	0.00454545454545455	0.00694444444444444	0.25	0.130681818181818	0	0.3125	0.0138888888888889	0.003	407	1	4.11993782164019	1.39721126124076	0.998	1	4.15906458858341	4.08340416253694	4.63498410104196	4.92049529358347	4.47701866021891	4.44779882420447	4.65252048077226	4.47002537846442	4.48089695765413	3.31737656044172	3.975	3.85983333333333	67.81	264.439578776776	100.297	145.3625	57.5165	20.88574982	20.62730026	10.24199963	20.94336907	89.93	78.92270671
RPS6KB1	low	525	0.0666666666666667	0.0571428571428571	0.0285714285714286	0.0147058823529412	0	0	0.342857142857143	0.257142857142857	0	0.228571428571429	0.0571428571428571	0.198	504	0	4.97381102080678	0.539495946847269	2.013	1	5.15697915270678	5.2284007534463	5.07196269468817	5.1637063146288	5.95334789580161	5.93333925136029	5.42372348210503	5.50363541268997	5.4015033063254	4.57534025483767	3.62666666666667	4.56781761113844	71.068	38.85425	103.965788880986	85.5981	40.0005	15.175299643	7.092150211	20.68484974	0.094910026	30.03	48.06845912
SLK	low	1235	0.102024291497976	0	0	0.0158730158730159	0	0.0158730158730159	0.390532544378698	0.248520710059172	0	0.214285714285714	0.0476190476190476	0.014	58	0	4.76450778226308	-0.207096508129307	1.389	0.834437086092715	4.61411219702339	4.54815873404091	4.54667584407374	4.56816251209276	4.76209669967172	4.94429923090957	4.98362677808557	4.70221689235309	4.7266278797136	4.13469030881677	3.19566666666667	3.25233333333333	76.74	203.136	1128.80833333333	77.0675	59.4415	18.2904501	18.27270031	9.707699776	10.13370037	61.47	59.44658495
SRPK1	low	655	0.0916030534351145	0.1	0.0166666666666667	0.0114942528735632	0	0	0.239583333333333	0.135416666666667	0	0.15	0.1	0.385	218	3	6.40685025760267	-1.02466033062258e-16	1.431	1	4.75546950465114	4.47097513677624	4.43560056155822	4.65427904616057	5.16624846366429	4.8250159229644	5.81225281436293	5.36125805935665	5.04239283605915	4.521	3.65932248903695	3.41	44.955	70.6544166666667	31.364	46.572	30.4285	8.574399948	16.25479984	18.20790005	2.132975101	31.98	31.09004873
STK11	low	433	0.0739030023094688	0.3125	0.09375	0	0	0	0.241379310344828	0.137931034482759	0.03125	0	0	0.099	525	2	4.87623554868964	0.931320493629196	2.187	0.986754966887417	4.71735716841696	4.52428405126224	4.63438623929732	4.59041446682243	4.95648544182388	4.46588217641783	4.99443726612154	4.90667494423922	4.82566652891492	3.852	3.913203857939	4.41866666666667	111.936168138734	264.439578776776	15.833	102.312612739814	43.837	14.77910781	11.51855731	8.359437465	11.47095013	19.18	27.45761738
STK16	low	305	0.0327868852459016	0	0	0	0	0	0.121212121212121	0.0909090909090909	0	0.1	0	0.023	33	0	2.93263745231891	-1.86820581870077	1.823	0.483443708609272	5.07769803989477	4.89341972020529	4.73304481225148	4.66896018683632	5.55660578680756	5.36188300014267	4.71311851065408	4.9470728701404	5.02011678740198	4.61633333333333	3.3326292029924	1.69433333333333	111.936168138734	264.439578776776	20.6935	102.312612739814	35.467	18.8283794238886	18.1529200284387	19.2548421031562	16.6467992267176	37.82	51.16776513
STK24	low	443	0.0857787810383747	0	0	0	0	0	0.257142857142857	0.157142857142857	0	0.342105263157895	0.105263157894737	0.045	317	0	5.39085582615529	0.172341834794462	1.396	1	5.21703340940428	5.22575964280162	5.11761050479518	5.15926680297207	5.27939801295103	4.87967766047615	5.57332290144763	5.52376698198881	5.29684120714953	4.11000753636182	3.249	4.467	74.833	135.3465	49.4163333333333	40.994	55.341	19.25849915	18.48189926	20.57290077	20.899199965	58.72	59.34000835
STK3	low	491	0.0814663951120163	0	0	0	0	0	0.3	0.228571428571429	0	0.4	0.175	0.232	142	3	3.70366538357421	0.883515285508888	0.985	1	5.32302453590324	5.41224435748718	5.03581103442848	5.1741695743494	4.62685407403362	4.76916649321137	4.83343059903158	4.40567462155393	4.95478006084923	3.84466666666667	4.43033333333333	3.64966666666667	72.1785714285714	100.3915	58.2765	54.679	15.865	18.18110085	0	0	0	25.55	37.83903998
STK38L	low	464	0.0818965517241379	0	0	0.0149253731343284	0	0	0.197183098591549	0.154929577464789	0	0.394736842105263	0.210526315789474	0	414	0	4.61022984418291	0.576804215912231	1.8	1	4.49468845103679	4.60033876093584	4.56850265418455	4.66050109050284	6.00179701727891	5.9314696933287	4.67996938000107	4.52710386936922	4.93623937562533	4.31934032453518	3.10165963980841	3.68560665095069	98.712	68.5667857142857	66.297875	42.782	55.35473944767	18.8283794238886	18.1529200284387	19.2548421031562	16.6467992267176	22.85	7.362467575
STK39	low	545	0.073394495412844	0.075	0.025	0.0461538461538462	0	0.05	0.28169014084507	0.126760563380282	0	0.35	0.175	0.116	53	1	5.77581794876698	0.795115773682229	0.983	1	4.97867161988359	4.98650779756764	4.85935793019978	4.99529281741122	4.83994419755153	5.04295387396458	4.92222582798247	4.24381593825541	4.90004989390434	4.401	3.01866666666667	4.662	86.8925	366.3145	1821.7108125	127.5465	71.1585	15.41088963	24.93875027	26.47209978	12.309147595	63.7	56.07986898
TAOK1	low	1001	0.0709290709290709	0.028169014084507	0.0140845070422535	0.0136986301369863	0	0	0.230769230769231	0.13986013986014	0	0.0845070422535211	0.0140845070422535	0.222	38	0	4.94034671790605	0.927583863489805	0.978	1	5.28875719802935	5.43202711326632	5.42367608804778	5.52249744025505	5.42635770368423	5.45382547181145	5.43035070945941	5.27661671980088	5.39228542480519	2.52033333333333	3.67001730949461	4.286	58.98475	65.1602	25.9425	58.874	32.7355	15.6613499333333	20.3153664266667	17.93530019	15.6356532566667	27	67.31634092
TAOK3	low	898	0.0913140311804009	0.0121951219512195	0	0	0	0	0.203389830508475	0.127118644067797	0	0.0853658536585366	0.024390243902439	0.01	24	0	5.03956975523555	0.724214669790181	1.297	1	5.91150562260139	5.70735915683941	4.85791916935016	4.89320470930672	4.96999642932712	5.13367929626039	5.1527482458423	4.87721666291046	5.22304236678024	4.11749503724679	2.87566666666667	3.81433333333333	78.7755	178.172	1277.959	67.1755	38.822	23.47039986	7.456150055	18.18660021	15.03750038	1127.766	140.7789283
TGFBR1	low	503	0.0497017892644135	0	0	0	0	0	0.155844155844156	0.038961038961039	0	0.24	0.12	0.171	514	9	2.93125535384495	-0.558038336128097	1.326	0.582781456953642	4.88951112697894	4.88668818350384	4.8926394638718	4.89263974649764	4.8730991552436	4.8780772001807	4.86108958368777	4.83564098102404	4.87908483244553	3.40868027798676	3.43	2.61256980014361	111.936168138734	264.439578776776	103.965788880986	11.133	55.35473944767	18.8283794238886	18.1529200284387	19.2548421031562	16.6467992267176	82.9309789096696	4.619614183
TGFBR2	low	567	0.0634920634920635	0	0	0	0	0	0.175824175824176	0.0989010989010989	0	0.277777777777778	0.0277777777777778	0.093	438	12	3.29817837516089	0.149880778115121	0.013	0.23841059602649	4.23033645708366	4.33786802789848	4.02147850840766	4.05777830694222	3.83414888988995	3.58152264541653	3.36581811557573	3.30626538496881	3.86294549273925	2.28533333333333	4.63130126458135	2.71566666666667	54.279125	77.2408333333333	20.2845	68.5844375	37.2435	14.57088217125	23.7585001	17.82711633	4.01909180466667	28.8133333333333	380.8500992
TLK1	low	766	0.0757180156657963	0.0172413793103448	0	0	0	0	0.300751879699248	0.172932330827068	0	0.0689655172413793	0.0172413793103448	0.308	69	0	5.36421855762216	0.830241109802848	1.014	0.960264900662252	4.76327411425161	4.86625487991153	4.83369804248918	4.82115963268487	5.49277861144733	5.63732756617357	4.15016389754545	3.8786145863238	4.80997866643339	2.09611982566566	2.3666727668333	4.522	111.936168138734	264.439578776776	103.965788880986	102.312612739814	55.35473944767	0.774177015	18.1529200284387	19.2548421031562	0.762445986	13.135	20.00015764
TNIK	low	1360	0.0617647058823529	0.0119047619047619	0	0.0104166666666667	0	0	0.296803652968037	0.182648401826484	0	0.107142857142857	0.0714285714285714	0.016	139	0	1.83657057722678	-0.597414576911475	1.09	0.827814569536424	5.06140240186979	5.02988468705681	5.45618008856989	5.52832063636244	5.40970320459745	5.49560372417612	5.32704560700371	5.12797731199247	5.31358282551021	3.35633333333333	2.15633333333333	4.04021040143887	111.936168138734	264.439578776776	103.965788880986	102.312612739814	35.333	36.846599575	18.1529200284387	26.32480049	16.6467992267176	43.54	50.52093153
TYK2	low	1187	0.037910699241786	0	0	0	0	0	0.132075471698113	0.0691823899371069	0	0.355555555555556	0.0666666666666667	0.114	298	1	5.72128619875172	0.686185805893506	2.265	0.986754966887417	5.10502713002801	5.10349141414906	5.00606797247498	4.9407335671819	5.12508753831696	4.69019403477764	5.28507397994243	5.17445869161721	5.13031415519059	3.93	1.91265661077299	3.30316666666667	25.769	66.175	19.693	72.5919	16.8585	23.71290016	18.1529200284387	22.69989967	16.6467992267176	89.264	40.72545127
AURKA	high	403	0.0794044665012407	0	0	0	0	0	0.419354838709677	0.209677419354839	0	0.3125	0.09375	0.087	546	6	5.78030173492121	0.487494012057198	1.353	1	4.50159747381078	4.2920991888934	4.36048528071917	4.33966659068628	4.87860339495431	4.89059423931884	4.64582423051632	4.76708934416586	4.59662759500014	4.14503795422403	4.416	4.148	111.936168138734	264.439578776776	11.895	102.312612739814	55.35473944767	19.3940506	26.60960026	38.14834976	3.244210005	4.73	3.558427547
WEE1	high	646	0.0541795665634675	0	0	0.0344827586206897	0.0114942528735632	0	0.373831775700935	0.308411214953271	0.0285714285714286	0.285714285714286	0.0285714285714286	0.483	451	0	5.88934361465682	0.452216802462551	1.201	0.993377483443709	4.88951112697894	4.88668818350384	4.8926394638718	4.89263974649764	4.8730991552436	4.8780772001807	4.86108958368777	4.83564098102404	4.87908483244553	2.82641866812491	2.8329996077131	3.8245	111.936168138734	264.439578776776	103.965788880986	102.312612739814	55.35473944767	18.8283794238886	18.1529200284387	19.2548421031562	16.6467992267176	82.9309789096696	2.73463203
BLK	high	505	0.0653465346534653	0	0	0	0	0	0.2	0.0714285714285714	0	0.303030303030303	0.121212121212121	0.073	347	0	5.01514115487148	0	0.002	0.774834437086093	6.56692694239487	5.96508596963677	5.83432732718187	5.68948195761881	6.69559617731694	6.58827203967326	6.51300468953884	6.48526550043102	6.40246378410813	4.48633333333333	2.65666666666667	3.45919810448912	25.4345	77.121	8.366	56.339	55.35473944767	11.5840675835	18.1729002	18.23090076	7.310955048	75.3816666666667	24.478354835
CDK4	high	303	0.0363036303630363	0	0	0.0294117647058824	0	0	0.0769230769230769	0.0512820512820513	0	0.818181818181818	0.727272727272727	0.017	989	11	7.65715228924585	0.0828110168623775	1.846	1	5.88130633644173	5.97333351982636	5.74680252709258	5.68571728413627	5.9857473265263	5.87149533751094	5.77224515391427	5.67527006099379	5.84652533599372	1.95033333333333	3.95133333333333	3.72293276989583	111.936168138734	264.439578776776	103.965788880986	25.1645	28.409	10.73400021	10.95844984	19.2548421031562	16.6467992267176	6.96	19.62221649
FER	high	822	0.102189781021898	0.0476190476190476	0	0	0	0	0.206349206349206	0.0873015873015873	0	0.261904761904762	0.0595238095238095	0	189	1	2.33243851266082	0.304406972852764	2.431	0.986754966887417	5.02906210788514	4.99011896966763	4.85825960916121	4.85370779837108	5.05754589460702	4.97558590343209	5.01050080947825	4.99141630363554	4.98884210528291	3.40849479611023	4.04805264036496	3.718	77.99875	264.439578776776	103.965788880986	83.655	61.0115	17.3093667026667	14.7771501515	18.7628032333333	25.09354973	55.15	32.1496837
AAK1	high	961	0.0509885535900104	0.0204081632653061	0	0.0246913580246914	0	0.0204081632653061	0.32484076433121	0.197452229299363	0	0.102040816326531	0.0204081632653061	0.021	164	0	2.37069403473745	1.07253718516353	1.007	1	6.74371218722251	7.22460913390147	7.16933500439973	7.16000573310515	5.42756251132084	5.12759984184467	5.98327495859552	5.96203271389976	6.33097116538465	4.298	3.906	4.578	70.0430555555556	152.678	42.7316666666667	67.9075	38.7995	5.895807743	8.732749939	17.412245276	8.993812145	194.83	79.27653674
PTK2B	high	1009	0.0673934588701685	0.0147058823529412	0.0147058823529412	0	0	0	0.338235294117647	0.191176470588235	0	0.352941176470588	0.117647058823529	0.105	232	3	4.4425101789505	0.868117023158128	2.303	0.622516556291391	4.81476465395755	4.70511920286048	4.86273632956281	4.87745244122354	4.86685146336957	4.91870236927131	5.06107810838616	4.84918256716472	4.90135763881902	4.48366666666667	4.40067170584476	4.62866666666667	81.2885	113.6205	42.9435	70.497	30.502	14.695524695	18.1529200284387	18.18529987	12.04605007	100.18	298.5817853
CDK6	high	326	0.0552147239263804	0.222222222222222	0.111111111111111	0.025	0	0.0555555555555556	0.382978723404255	0.191489361702128	0	0.944444444444444	0.611111111111111	0.086	924	6	8.82613843657287	1.82345309196981	0	1	5.54872663696103	5.8386370990813	5.55011730871647	5.68150417042136	6.16825413593898	6.22173872088834	6.13056630164875	6.11499282342849	5.84941609581631	4.60865615144906	4.47664996949494	4.18933333333333	89.8075	211.216	29.855875	45.122	54.8033888888889	14.2033051648333	9.34196503933333	14.3271342911667	10.68397253825	13.79	8.533061539
CSK	high	450	0.0777777777777778	0	0	0	0	0	0.227272727272727	0.0757575757575758	0	0.542857142857143	0.314285714285714	0.069	441	0	6.42302734846594	0.00114704147491765	0.051	1	5.29196163361514	5.26415092768591	5.28672639055478	5.21562145707964	5.19542254812067	5.15468193501364	5.16872938457777	5.05615788067244	5.23570998921709	4.419	3.14466666666667	3.483	108.812	245.177	1683.24375	90.673	42.991	23.09295082	15.67885017	24.63000011	3.495239973	1769.404	112.938962
LIMK2	high	638	0.0595611285266458	0.0263157894736842	0	0	0	0	0.182692307692308	0.134615384615385	0	0.342105263157895	0.157894736842105	0.036	272	0	4.9825094491337	0.69005166379747	1.3	0.827814569536424	6.01434659752118	6.2710180818444	6.38678736436611	6.48375722322635	5.943762002164	6.01567682457076	5.97906117521217	5.92392711554881	6.08098928481586	3.97	4.27033333333333	3.33233333333333	111.936168138734	20.574	103.965788880986	102.312612739814	19.5925	13.64229965	13.95909977	19.2548421031562	16.6467992267176	12.485	19.22089748
CDK9	high	372	0.0779569892473118	0.517241379310345	0.137931034482759	0.115384615384615	0.0192307692307692	0.137931034482759	0.274509803921569	0.196078431372549	0.137931034482759	0.586206896551724	0.413793103448276	0.032	209	20	4.85220616217731	0.390872801280207	1.354	1	5.99381446987514	5.90384843665389	6.29190113866374	6.27082893653373	5.41941909935566	5.26982328682031	4.75094314900975	4.7903567979659	5.61401946422607	4.0004192283527	3.73133333333333	3.704	32.5305	67.8305	29.0055	29.742	37.5505	20.31554985	9.885700226	20.49399948	18.92345047	32.96	16.91504014
LIMK1	high	647	0.0463678516228748	0	0	0.0135135135135135	0	0	0.2	0.11	0	0.0666666666666667	0.0666666666666667	0.022	367	0	4.38260073291121	0.174441284941197	0.982	0.947019867549669	5.1035551041718	5.16500559394176	5.45453845602272	5.46438372697171	5.13580494657153	5.23184837176636	4.99137287161736	4.84101159191987	5.17131784459585	3.87233333333333	3.91203843953146	2.88962920609274	111.936168138734	264.439578776776	103.965788880986	23.368	39.312	18.8283794238886	18.1529200284387	19.2548421031562	16.6467992267176	35.99	26.19603857
ABL2	high	1182	0.0634517766497462	0.04	0.0266666666666667	0.0441176470588235	0	0.0666666666666667	0.305936073059361	0.219178082191781	0	0.0666666666666667	0	0.008	440	1	3.09315943604851	0.749609769686678	0.989	0.728476821192053	5.66887393311968	5.53586588194501	5.57483788400819	5.5937432597796	5.85654629058505	5.92295370821176	5.71163696981317	5.73797678278692	5.70297376938152	3.98547255989083	2.952	2.97100115628167	36.221	264.439578776776	25.744	102.312612739814	47.63	19.3322830233333	10.15215015	24.1532834366667	15.4953952633333	14.6966666666667	6.218239711
LCK	high	509	0.0451866404715128	0.0434782608695652	0.0434782608695652	0	0	0	0.486842105263158	0.355263157894737	0	0.782608695652174	0.565217391304348	0.071	554	7	8.29685433234361	1.30621434033967	1.723	0.80794701986755	5.53995247273689	5.65804803808746	5.93073354175729	5.91545358501349	5.62848816194784	5.63198168041427	5.75542750607107	5.6246984816322	5.71365042062827	4.16466666666667	3.31066666666667	3.36666666666667	66.839	113.8905	53.7155	78.6138125	43.9428571428571	11.90089989	10.362300159	12.85916268975	12.04605007	32.2425	41.8913020567
CDK17	high	523	0.0726577437858509	0.0263157894736842	0	0.0135135135135135	0	0.0263157894736842	0.239130434782609	0.195652173913043	0	0.631578947368421	0.421052631578947	0.134	760	0	4.00680705780812	0.821829729839831	1.824	1	5.15059064180129	4.91463721471222	5.01421017996863	5.0420181694519	4.89350639184656	4.46240364563756	4.88314169186113	5.29230949717209	4.9853622263694	3.47033333333333	3.906	3.915	20.5885	27.893	36.72725	80.6465	16.751	12.92234993	21.850800515	21.87435023	14.558522431	75.46	5.787802109
GAK	high	1311	0.045766590389016	0.0166666666666667	0	0.0155038759689923	0	0	0.263157894736842	0.119617224880383	0	0.4	0.166666666666667	0.021	1060	0	5.7009898847827	1.20227453289933	1.075	1	4.54755818447505	4.2486190281996	4.85523452977946	4.822143064799	5.66504758740246	5.511158982105	5.66708376604079	5.53273028739119	5.18373101692444	4.42805263276589	3.36637621074712	4.00333333333333	51.915	99.974	37.164	52.928	37.475	16.87400007	16.63964987	16.09110022	15.26124954	41.82	27.46678571
SIK2	high	926	0.0367170626349892	0.0294117647058824	0	0.0117647058823529	0.0117647058823529	0	0.138686131386861	0.0948905109489051	0.0294117647058824	0.382352941176471	0.205882352941176	0.17	45	0	3.76297165837485	0.0969055674962088	1.949	0.894039735099338	5.79965436975886	5.61038612204516	5.39524081845337	5.41105193232535	5.25839841767027	5.6206543119293	5.37447822527707	4.86603795721192	5.4569429577899	3.43701488984095	3.22666588766869	2.672	111.936168138734	264.439578776776	103.965788880986	102.312612739814	30.597	18.8283794238886	18.1529200284387	19.2548421031562	16.6467992267176	31.88	2.92726827
MAPK9	high	424	0.0660377358490566	0.0357142857142857	0	0	0	0	0.154929577464789	0.0563380281690141	0	0.321428571428571	0.142857142857143	0.134	482	0	5.06352907741591	-0.851816005874479	1.214	1	5.77418840768539	5.88079248480715	5.50981667640262	5.50071944106326	5.53937704715318	5.33261656644359	5.35347681170594	4.45352418952856	5.54421473573678	4.44066666666667	3.89666666666667	3.89859606430531	165.251	168.595	95.579125	78.6580833333333	29.937	16.43848753	17.1028125275	12.6782399003333	13.98464966	56.32	31.90457689
CDK5	high	292	0.0787671232876712	0.130434782608696	0.130434782608696	0.0512820512820513	0	0.0869565217391304	0.333333333333333	0.166666666666667	0.0869565217391304	0.652173913043478	0.478260869565217	0	151	1	5.50673548738243	0.125034682721861	1.526	1	5.80242808137403	5.70098652969115	6.18955200614149	6.03696412444566	6.0796746721179	6.07903985145708	5.72769595467046	5.69570193690373	5.94983767857597	4.67433333333333	4.08780568408497	4.786	176.1249	245.766	156.804	107.5005	54.427	14.96412992	15.06165028	15.9607501	11.49915028	84.96	189.3844756
TNK2	high	1038	0.0394990366088632	0.024390243902439	0	0.0175438596491228	0.0087719298245614	0	0.303703703703704	0.162962962962963	0	0.195121951219512	0.024390243902439	0.088	242	1	3.29365801368087	-0.481627901460819	1.458	0.708609271523179	5.44839416633606	5.33366143676125	5.28828773802819	5.39763802244992	4.78520155011511	4.45068584149108	4.06316683196284	4.10766489897928	4.89626257161055	3.45983074616626	3.34592372682344	3.183	41.507625	57.0015714285714	28.559	41.2	24.816	20.85347877	10.0060497906667	14.9155858587143	10.7046003333333	26.8716666666667	25.89268512
SRC	high	536	0.0578358208955224	0.0967741935483871	0.0645161290322581	0	0	0	0.375	0.270833333333333	0	0.0645161290322581	0.032258064516129	0.157	1160	12	4.38411758679292	0.242028485826897	1.018	0.960264900662252	7.27149013897587	6.97445455582409	6.58978047096876	6.64790295004469	7.26507252294276	7.15921830854047	7.1396553457035	7.09982459880969	7.06649961964772	4.58529373712656	3.51465001745753	4.01066666666667	47.238	125.264	61.803	97.568	57.9685	16.12290001	29.3560009	10.66429996	12.04605007	27.42	74.5960452614286
CDK2	high	298	0.0704697986577181	0.0476190476190476	0.0476190476190476	0.027027027027027	0	0	0.268292682926829	0.195121951219512	0.0952380952380952	0.666666666666667	0.619047619047619	0.349	1094	9	6.84166663428127	1.2503740093736	2.288	1	4.51644829525669	4.91978308165365	5.23037798916568	5.2949892278956	6.39936062400874	6.2744691716374	4.94681791633648	5.26766570751194	5.2732512061919	4.419	3.156	4.56233333333333	32.0715	47.3991	59.313	54.5524	23.6635	14.43145037	12.61835003	16.13320017	15.88680029	46.9	39.18305129
STK17A	high	414	0.0628019323671498	0	0	0.02	0	0	0.133333333333333	0.0666666666666667	0	0.192307692307692	0.0769230769230769	0.15	120	0	5.36674001852347	-0.510637701259949	1.781	0.913907284768212	4.88951112697894	4.88668818350384	4.8926394638718	4.89263974649764	4.8730991552436	4.8780772001807	4.86108958368777	4.83564098102404	4.87908483244553	3.207	2.68685107039299	4.492	111.936168138734	264.439578776776	103.965788880986	102.312612739814	55.35473944767	18.8283794238886	18.1529200284387	4.056155205	16.6467992267176	82.9309789096696	66.6062795486124
STK17B	high	372	0.0483870967741935	0.0555555555555556	0	0	0	0	0.0434782608695652	0.0289855072463768	0	0.444444444444444	0.277777777777778	0.054	131	0	5.12774418463176	-0.265279816403375	0.867	0.986754966887417	5.23927254428273	5.1933908830293	4.75713417200818	4.60693547157898	4.54307492133023	4.26097306242324	3.96922371586497	3.67232784137466	4.62717633837153	4.017	2.11566666666667	3.96866666666667	19.8085	32.692	60.8885	26.985	17.901	14.8669500366667	23.19064999	20.772100445	29.03569984	70.95	41.0414367671429
CDK7	high	346	0.069364161849711	0	0	0	0	0	0.285714285714286	0.19047619047619	0	0.375	0.125	0.136	203	12	4.76411654134185	0.442596637754954	1.344	1	4.53813828499052	4.74432879145699	4.49376117626245	4.57193539846339	4.29634675785425	4.23990754244501	4.62734197839573	4.5503590781464	4.48889704937574	3.89389916770732	2.96563434776974	4.154	57.4095	155.3715	56.398	44.33	28.072	15.3822999	25.12860012	15.35314989	9.122680187	18.21	18.50366205
ITK	high	620	0.067741935483871	0.0238095238095238	0	0	0	0	0.346153846153846	0.211538461538462	0	0.595238095238095	0.404761904761905	0.003	282	2	4.59560481172239	0.923988105597439	1.076	0.76158940397351	5.48783161166601	5.75295577218049	5.63730803311783	5.78639925959107	4.95857035565648	4.93721562073374	5.27419695209204	5.24942831480356	5.33947673813309	4.02368559339578	2.8329996077131	3.959	111.936168138734	13.828	29.16925	21.474	55.35473944767	2.577184916	18.1529200284387	19.2548421031562	16.6467992267176	21.6125	6.354581207
PTK2	high	1052	0.0598859315589354	0.0317460317460317	0	0.008	0	0	0.394117647058824	0.258823529411765	0	0.111111111111111	0	0.088	290	12	1.03586277695367	0.102017785847533	0.003	0.264900662251656	5.10008608368193	4.85551217686652	4.54752788311091	4.78993261112153	5.54009447751411	5.73066218787327	5.05594346729437	6.01885244620195	5.06091297790033	4.14766666666667	3.18618349887922	3.95933333333333	99.323	264.439578776776	256.808611111111	150.62075	41.5305	20.03439999	20.51834965	23.63745022	4.494444847	45.65	47.61397807
MAP3K11	high	847	0.0306965761511216	0	0	0.00952380952380952	0	0	0.324324324324324	0.252252252252252	0	0.153846153846154	0.0384615384615385	0.001	284	3	4.82757425366303	-0.873592549296038	2.155	0.71523178807947	4.88951112697894	4.88668818350384	4.8926394638718	4.89263974649764	4.8730991552436	4.8780772001807	4.86108958368777	4.83564098102404	4.87908483244553	3.26733333333333	4.60584441834885	4.48933333333333	111.936168138734	264.439578776776	103.965788880986	26.252	55.35473944767	18.8283794238886	18.1529200284387	19.2548421031562	16.6467992267176	9.46	2.910520926
ABL1	high	1130	0.0725663716814159	0.0365853658536585	0.0121951219512195	0.00684931506849315	0	0.0121951219512195	0.432558139534884	0.302325581395349	0	0.0365853658536585	0	0.263	812	3	5.34423629099443	1.29766555945173	1.207	0.847682119205298	5.06978142784468	4.94319589430564	5.38326127099096	5.35282495914691	5.1095792842525	5.01670407941076	4.85376495418772	4.37665806355018	5.10409673431897	2.90762541239721	3.52655463895323	2.85950607354739	111.936168138734	264.439578776776	13.3135	102.312612739814	55.35473944767	21.5261235768889	24.2839994433333	24.33108357	12.9778416636	82.9309789096696	37.80948544
ULK1	high	1050	0.04	0.0476190476190476	0	0.00934579439252336	0	0	0.338709677419355	0.220430107526882	0	0.19047619047619	0.0238095238095238	0.003	228	5	5.21402117282282	0.699327801336737	1.26	0.854304635761589	5.65832340519418	5.76392043396417	5.75787671803128	5.72382026213923	4.90214123501574	5.01729204561279	4.907876418473	4.84162535175747	5.30655444417855	4.3152682715727	2.48765290887778	4.763	111.936168138734	264.439578776776	17.7	102.312612739814	13.766	18.8283794238886	18.1529200284387	19.2548421031562	16.6467992267176	82.9309789096696	7.232711612
MARK4	high	752	0.0531914893617021	0	0	0.018348623853211	0.00917431192660551	0	0.239130434782609	0.123188405797101	0	0.325	0.1	0.031	47	0	3.37034254344957	-1.58957777650695	0.986	0.728476821192053	3.60271884519552	3.64726262716801	3.63365843241006	3.60014955745427	4.37343151777862	4.56792122317307	4.78558145730163	4.69132413794813	4.09884756317146	3.57027909619786	3.74	4.034	111.936168138734	264.439578776776	103.965788880986	102.312612739814	29.963	1.71645999	0	0	1.1527149675	2.87	15.939434819
GSK3B	high	420	0.0547619047619048	0.0434782608695652	0	0.02	0	0.0434782608695652	0.375	0.2625	0.0434782608695652	0.521739130434783	0.260869565217391	0.264	1017	14	5.23915540120456	0.917618879374108	0.932	1	4.89164049076587	4.88071996811085	4.76944893168072	4.87775522376722	4.52625456230862	5.38721630636788	4.78080919218588	4.72422518286872	4.74203829423527	4.38266666666667	4.551501918635	4.13098556291602	45.135	138.802	36.4835	102.312612739814	49.1085	10.68865013	2.472409964	16.44560003	16.6467992267176	32.89	40.15804575
AURKB	high	344	0.063953488372093	0.0454545454545455	0	0.0208333333333333	0	0	0.375	0.354166666666667	0.136363636363636	0.818181818181818	0.681818181818182	0.108	457	9	6.12794892868381	-1.02466033062258e-16	2.999	1	5.66568610965645	5.59218066350645	6.05058575562916	6.0780027032203	5.486461179439	5.20801041540439	4.99263895116079	5.03644207704965	5.54884299897135	3.81734261852531	1.58246143750441	4.33450320179664	111.936168138734	264.439578776776	37.88275	102.312612739814	55.35473944767	4.733330011	12.33430004	29.4060566758571	5.006814957	5.34	5.368515119
CDK16	high	496	0.0685483870967742	0.0588235294117647	0	0.0144927536231884	0.0144927536231884	0	0.3875	0.3	0	0.352941176470588	0.147058823529412	0.016	843	0	5.24448415490047	-0.322792134479627	2.057	0.854304635761589	5.27874375368951	5.40445768723108	5.09831851515238	5.16216906558601	4.65572606314097	4.63921393166146	4.43827875745425	4.44355364571885	4.86776677235928	4.20266666666667	3.78866666666667	4.057	40.997	264.439578776776	41.339	102.312612739814	43.384	32.0481987	0	0	0	48.515	31.13868736
MAP4K2	high	820	0.0390243902439024	0	0	0	0	0	0.198347107438017	0.0826446280991736	0	0.3125	0.09375	0.068	38	0	4.09532697929674	0.300649669394347	0.877	0.95364238410596	4.53807621208034	4.55676713441484	4.47246674906335	4.69161073036085	4.74611328501088	4.78158069010843	4.71413748116008	4.47475379341578	4.61769843182866	3.58345059718065	3.01866666666667	3.66133333333333	113.1785	154.771	61.26175	202.634	70.8555625	12.11402380475	19.550125125	13.64083874	17.16244984	38.2016666666667	47.3191726466667
TEC	high	631	0.0839936608557845	0	0	0	0	0	0.192307692307692	0.0673076923076923	0	0.0754716981132075	0.0377358490566038	0.035	224	0	1.40743581605072	0.0113330415467718	1.008	0.509933774834437	4.71250351890831	4.60674549655709	4.98880649805184	4.90388627437231	5.38260342456421	5.31117103402215	5.02722241471493	4.90856140022362	5.02778396405983	4.25784172473372	1.6857625425337	3.62733333333333	68.2345	90.117	42.868	63.101	55.35473944767	20.42080021	18.1729002	18.23090076	16.6467992267176	38.915	53.24237569175
STK33	high	514	0.105058365758755	0.0185185185185185	0	0	0	0	0.217391304347826	0.0760869565217391	0	0.222222222222222	0.037037037037037	0.247	127	0	0.243031971703204	-1.30561514351395	0.007	0.178807947019868	7.08187286123346	6.86788827964353	7.04497264414487	7.07359761244832	4.35911627917351	4.62447519786658	5.74040383224697	5.64153523808949	6.05659140419971	3.987	4.67275542350207	4.70467948897101	99.5916666666667	102.253	83.326	29.9795	55.35473944767	38.4632988	30.8189497	19.743199825	37.28980064	96.186	66.26646086
FYN	high	537	0.0614525139664804	0	0	0	0	0	0.326086956521739	0.195652173913044	0	0.393939393939394	0.121212121212121	0.02	755	8	5.70793553246928	0.889241961537793	1.067	0.947019867549669	5.9447962321355	5.78000251589062	6.00970313473931	6.01414336887788	5.87226865493725	5.80206807592098	6.07953055540425	6.01562333144323	5.97657464430408	3.98925272542029	3.68216666666667	3.38665233049784	36.02	65.557	41.6233333333333	124.971	33.1915	12.77317524	16.2700123775	8.655610085	18.29064941	90.72	40.55303708375
CDK12	high	1490	0.0805369127516778	0.0583333333333333	0.025	0.0272727272727273	0.00909090909090909	0	0.373417721518987	0.262658227848101	0	0.0833333333333333	0.00833333333333333	0.012	307	1	5.41106931998547	0.0418503762749979	1.5	0.721854304635762	4.6582337212025	4.55244888313568	5.16934057754538	5.18496614386853	5.33121256707892	5.1991342143131	5.2409594079547	5.21369539233453	5.09993656844538	3.78584428696336	3.93533333333333	4.089	52.647	128.4145	28.3895	45.43	38.707	14.04735041	10.77348312	18.49009991	4.548399925	6.71	33.79926414
MAPK8	high	427	0.0679156908665105	0.0344827586206896	0.0344827586206896	0	0	0	0.205882352941176	0.0735294117647059	0	0.517241379310345	0.241379310344828	0.237	634	0	5.55270706865018	1.17439638494224	0.968	0.933774834437086	5.45679498256043	5.12935714673901	5.21813845325646	5.15230138452816	4.80644552784001	4.8973732980318	4.98936627240194	4.71484228051447	5.11768630901471	4.67433333333333	3.62895183287027	3.89933333333333	38.8785	66.216	60.8885	53.433	22.24	4.24288336333333	18.1529200284387	11.50440025	25.079925775	73.388	39.8464027676667
CDK1	high	297	0.0808080808080808	0.166666666666667	0.166666666666667	0	0	0	0.458333333333333	0.333333333333333	0.583333333333333	0.875	0.833333333333333	0.01	1160	14	7.30046110501189	-1.02466033062258e-16	0.971	1	5.61257366304386	5.60488005168068	5.66850836977824	5.60832656210109	5.40896987822553	5.21227484813191	4.96991663091249	5.01685074554375	5.41499213549003	3.96747329804543	3.81733333333333	4.07466666666667	111.936168138734	264.439578776776	36.608	24.422	127.139	16.18339968	16.7251997	16.0158	16.85035038	57.25	48.09890988
RPS6KA1	high	735	0.0789115646258503	0.0172413793103448	0	0.010752688172043	0	0	0.309734513274336	0.221238938053097	0	0.5	0.206896551724138	0.072	137	0	3.83624481702512	0.588601570422741	2.452	0.947019867549669	5.03319326338687	4.95318588439061	5.0007645462924	4.94793574681699	5.66664128648452	5.86763100367275	5.24921875029041	4.56781839172601	5.23745446161355	4.048	3.95838544428108	3.574	83.348	166.106	36.015	40.136	83.754	23.51860046	0	0	0	90.15	149.1373844
NEK9	high	979	0.0561797752808989	0.0181818181818182	0	0.0102040816326531	0	0	0.3125	0.21875	0	0.454545454545455	0.2	0.14	261	1	5.53274546475969	1.70090998811096	1.066	1	5.20735404594368	5.21356028214172	5.20405915575888	5.23734141160245	5.21043439341525	5.2022708634085	4.95835367234854	5.04220602557485	5.14505031686659	4.09485740182114	4.565	4.111	92.8825	134.528	78.702	86.9	51.1375	11.52131987	12.83139992	15.402187585875	16.0741119738571	100.37	60.85316324
RIPK1	high	671	0.0655737704918033	0.0681818181818182	0.0227272727272727	0.0273972602739726	0	0	0.315789473684211	0.254385964912281	0	0.5	0.25	0.063	313	3	4.42166079876023	0.897294470429291	1.025	1	4.94861858780038	5.02036516335442	4.96656278319345	4.83803455879223	4.43806554023712	4.405201193509	4.32236469488479	4.21665614248283	4.66890290152894	3.23683333333333	2.17534264509806	4.49633333333333	47.1385	74.0215	43.8678	44.3585	37.3069375	17.8187665933333	17.3121331533333	14.585083009	22.0090996433333	41.26	65.00471323
MAPK6	high	721	0.0624133148404993	0	0	0	0	0	0.213675213675214	0.102564102564103	0	0.466666666666667	0.266666666666667	0.035	777	2	5.35517024256878	-0.524083115679281	1.097	0.483443708609272	5.38275480780172	5.21107953476569	4.90664813713571	5.5749134642358	4.43881712033237	4.40002370530935	3.76949178960403	4.24244676057998	4.62442796371846	2.76414939244379	3.46005614886787	4.08733333333333	111.936168138734	264.439578776776	103.965788880986	102.312612739814	55.35473944767	18.35574913	12.60795021	2.154949903	16.6467992267176	82.9309789096696	23.952876629
NUAK1	high	661	0.0695915279878971	0	0	0.0104166666666667	0	0	0.166666666666667	0.075	0	0	0	0.348	22	0	0.138109232036925	0	0	0.0596026490066225	4.88951112697894	4.88668818350384	4.8926394638718	4.89263974649764	4.8730991552436	4.8780772001807	4.86108958368777	4.83564098102404	4.87908483244553	4.1829349027	3.249	4.60566666666667	21.592	264.439578776776	103.965788880986	102.312612739814	8.582	18.8283794238886	18.1529200284387	19.2548421031562	16.6467992267176	82.9309789096696	5.08176307
TTK	high	857	0.0933488914819137	0.025	0	0.0363636363636364	0	0.0375	0.405228758169935	0.254901960784314	0.0625	0.5875	0.375	0.271	227	0	4.90373722384712	0.45942976193246	1.299	1	6.6959260867429	7.24983553592361	5.11824134231728	5.20695572603582	4.87609838053122	4.95866826490135	4.87461490813445	4.81252772696016	5.39122017943146	4.15767780947768	4.21366666666667	3.76	111.936168138734	264.439578776776	34.0755	102.312612739814	55.35473944767	2.552680016	3.792144775	19.2548421031562	16.6467992267176	7.89	6.729426462
MAP4K1	high	833	0.0528211284513806	0	0	0	0	0	0.272	0.192	0	0.159090909090909	0.0909090909090909	0.007	60	0	5.15229151315083	0.946825598259062	2.005	0.80794701986755	5.36471597648122	5.33667476440289	5.33331281678205	5.33249896587084	5.41488636222235	5.38447199791902	5.40067152042938	5.37026781623893	5.37839666897875	3.45033333333333	3.47033333333333	4.70333333333333	92.9195	139.292	55.858375	73.9099285714286	52.4671875	13.7236783893333	17.435809804	18.5305150725	22.4431667333333	52.3625	59.45139706375
MAP3K1	high	1512	0.044973544973545	0	0	0	0	0	0.163763066202091	0.101045296167247	0.0147058823529412	0.102941176470588	0.0441176470588235	0.269	622	0	2.78080575281202	-0.557344633201016	0.986	0.960264900662252	4.53764184456824	4.39981652899217	4.47848373867457	4.48458097897355	4.4741787971425	4.65194022772073	4.57206449788681	4.43387020249645	4.51559221956803	3.2149056520045	3.64282553272295	4.69101467122402	111.936168138734	264.439578776776	103.965788880986	102.312612739814	55.35473944767	30.26510048	32.40762024	24.554178715375	17.57234001	25.8866666666667	2.775252965
GSK3A	high	483	0.0455486542443064	0.0454545454545455	0	0.0212765957446808	0	0	0.305263157894737	0.221052631578947	0	0.318181818181818	0.181818181818182	0.271	672	0	6.06259532528941	0.540172428488706	1.813	1	5.21293162451895	5.2984249401013	5.16561049825554	5.16544797738377	5.31052212191924	5.35405877655999	5.00415176831487	5.0033915794116	5.17330400325215	2.82641866812491	4.36990661566619	3.07666666666667	78.328	124.397	58.5055	52.5915	50.371	14.94350868425	14.4968401613333	16.675382375	21.90730095	56.03	38.80954584
